147
165
166
240
288
302
315
437
481
714
719
753
820
1101
1513
1650
10029
10032
10051
10065
10067
10068
10073
10075
10085
10086
10087
10090
10091
10092
10094
10095
10103
10111
10118
10121
10128
10133
10143
10148
10149
10154
10162
10163
10166
10168
10173
10185
10203
10204
10208
10211
10218
10224
10237
10239
10244
10249
10253
10254
10270
10272
10274
10275
10290
10291
10292
10294
10296
10309
10313
10314
10318
10319
10321
10364
10396
10404
10419
10534
10571
10599
10627
10635
10862
10888
10900
10909
10913
10914
10923
10944
10949
10981
10985
11003
11008
11010
11012
11023
11025
11032
11037
11041
11061
11071
11073
11082
11083
11085
11089
11097
11099
11149
11159
11198
11237
11259
11284
11297
11307
11312
11316
11317
11324
11331
11341
11400
11401
11402
11404
11405
11408
11411
11413
11415
11421
11422
11424
11426
11427
11430
11436
11456
11464
11465
11471
11472
11485
11486
11502
11506
11512
11617
11624
11696
11871
11985
12041
12223
12299
12532
12821
